cam0:
  camera_imu_orientation_prior:
  - [0.006112432542185169, -0.9999668452105656, 0.0053802089221628435]
  - [-0.9062652002570991, -0.0032653951843460045, 0.4226969647362637]
  - [-0.42266538179909807, -0.007459602799005788, -0.9062551127330005]
  cam_overlaps: [1]
  camera_model: pinhole
  distortion_coeffs: [-0.0032589824594531436, 0.004329813673000139, 0.0035601008360336764, -0.002021576943252078]
  distortion_model: equidistant
  intrinsics: [567.7610239182566, 567.1293085165794, 651.55636483273, 402.9081460847209]
  resolution: [1280, 800]
  rostopic: /oak_cam_front/left/image_raw
cam1:
  T_cn_cnm1:
  - [0.999993280005218, 0.0021415002527286173, 0.0029755539093484686, -0.07514051004566691]
  - [-0.0021440688856792377, 0.9999973314022877, 0.0008603237244430192, -0.0002760964662000532]
  - [-0.002973703585318799, -0.000866697735626778, 0.9999952029495022, 0.0002737345347534046]
  - [0.0, 0.0, 0.0, 1.0]
  fix_last_cam_to_here: true
  cam_overlaps: [0]
  camera_model: pinhole
  distortion_coeffs: [-0.008341888403781413, 0.04033084558312753, -0.04129189258321806, 0.01521997678462175]
  distortion_model: equidistant
  intrinsics: [565.7720712258174, 565.3132881060791, 652.281607825715, 395.68847555469665]
  resolution: [1280, 800]
  rostopic: /oak_cam_front/right/image_raw
cam2:
  cam_overlaps: [3]
  camera_model: pinhole
  distortion_coeffs: [-0.018665240189435467, 0.057396025995108284, -0.05802576254032148, 0.021100477768187364]
  distortion_model: equidistant
  intrinsics: [564.1345576759775, 563.9250164758821, 657.7563979665367, 392.0689800043535]
  resolution: [1280, 800]
  rostopic: /oak_cam_left/left/image_raw
cam3:
  T_cn_cnm1:
  - [0.9996870312481032, 9.71476942056683e-05, 0.02501659682438751, -0.075786228873098]
  - [-0.0005699756425125856, 0.9998213274606398, 0.018894133550008064, 0.0005582881399845842]
  - [-0.025010291523998418, -0.01890247912746126, 0.9995084699994868, 0.00024194871546945226]
  - [0.0, 0.0, 0.0, 1.0]
  cam_overlaps: [2]
  camera_model: pinhole
  distortion_coeffs: [0.013987820011529302, -0.03692376850226243, 0.04233119564975245, -0.01486767942673941]
  distortion_model: equidistant
  intrinsics: [570.865070815136, 570.4864850901508, 661.53166258685, 399.08337544010686]
  resolution: [1280, 800]
  rostopic: /oak_cam_left/right/image_raw
  fix_last_cam_to_here: true
cam4:
  cam_overlaps: [5]
  camera_model: pinhole
  distortion_coeffs: [0.00516273420333328, 0.0033327173074679094, -0.0013666248911747547, 0.0009071861063664735]
  distortion_model: equidistant
  intrinsics: [563.9341764619915, 563.973196783425, 672.2600835031826, 413.0356180613399]
  resolution: [1280, 800]
  rostopic: /oak_cam_rear/left/image_raw
cam5:
  T_cn_cnm1:
  - [0.99997022191859, -0.006351857685496459, 0.004382827857158835, -0.07576416165673544]
  - [0.006363441867417182, 0.9999762834637974, -0.002634220478142203, -0.0004858667644455254]
  - [-0.0043659917180739185, 0.0026620319063942843, 0.9999869257657539, -0.00027930902219824264]
  - [0.0, 0.0, 0.0, 1.0]
  cam_overlaps: [4]
  camera_model: pinhole
  distortion_coeffs: [0.006093118408956083, -0.006077465146580489, 0.007938420825520147, -0.002740512833323196]
  distortion_model: equidistant
  intrinsics: [567.1435376862444, 566.7245184920495, 662.8222657800367, 391.11907555882397]
  resolution: [1280, 800]
  rostopic: /oak_cam_rear/right/image_raw
  fix_last_cam_to_here: true
cam6:
  cam_overlaps: [7]
  camera_model: pinhole
  distortion_coeffs: [0.005725183359898776, 0.0011503795448596092, -0.004016003768388677, 0.0031517753124459718]
  distortion_model: equidistant
  intrinsics: [564.3024198808229, 564.1885210830599, 659.6101033396535, 402.7124447293912]
  resolution: [1280, 800]
  rostopic: /oak_cam_right/left/image_raw
cam7:
  T_cn_cnm1:
  - [0.9996819231849227, 0.023647862473771295, 0.008765332721421439, -0.07597440329480556]
  - [-0.02370782900920725, 0.9996957913203318, 0.0068017394897887905, 0.0005728143278222301]
  - [-0.008601819631090453, -0.007007383023523156, 0.9999384507469433, 0.0009012177525262469]
  - [0.0, 0.0, 0.0, 1.0]
  cam_overlaps: [6]
  camera_model: pinhole
  distortion_coeffs: [-0.003682489876078344, 0.010009409219841352, -0.0036676017329274834, 0.0008237827887743862]
  distortion_model: equidistant
  intrinsics: [569.6800693521454, 569.1616615438619, 656.4157820822179, 379.0580331366856]
  resolution: [1280, 800]
  rostopic: /oak_cam_right/right/image_raw
  fix_last_cam_to_here: true
